0  0.33333334      0.00000000       0.1200000	0	0	0
1  0.66666666      0.000000000       -0.1200000	0	0	0
2  0.16666666      0.1666666667       -0.120000000	0	0	0
3  0.83333331      0.1666666667       0.120000000	0	0	0
4  0.33333334      0.333333343       0.120000000	0	0	0
5  0.66666666      0.333333343       -0.120000000	0	0	0
6  0.16666666      0.50000000       -0.120000000	0	0	0
7  0.83333334      0.500000000       0.120000000	0	0	0
8  0.33333334      0.6666666667       0.120000000	0	0	0
9  0.66666666      0.6666666667       -0.120000000	0	0	0
10 0.16666666      0.833333313       -0.120000000	0	0	0
11 0.83333331      0.833333313       0.120000000	0	0	0
0  0.33333334      0.00000000       0.62	0	0	0
1  0.66666666      0.000000000       0.38	0	0	0
2  0.16666666      0.1666666667       0.3800	0	0	0
3  0.83333331      0.1666666667       0.6200	0	0	0
4  0.33333334      0.333333343       0.6200	0	0	0
5  0.66666666      0.333333343       0.3800	0	0	0
6  0.16666666      0.50000000       0.3800	0	0	0
7  0.83333334      0.500000000       0.6200	0	0	0
8  0.33333334      0.6666666667       0.6200	0	0	0
9  0.66666666      0.6666666667       0.3800	0	0	0
10 0.16666666      0.833333313       0.3800	0	0	0
11 0.83333331      0.833333313       0.6200 	0	0	0